0 0 8
0 1 7
0 9 3
0 12 13
0 14 4
1 1 5
1 2 14
1 6 3
1 7 10
1 8 15
1 9 9
1 10 1
1 13 6
2 0 16
2 4 5
2 5 8
2 6 7
2 9 14
2 12 9
2 14 11
2 15 12
3 2 4
3 5 14
3 6 6
3 7 13
3 9 11
3 10 10
3 11 12
3 13 7
3 15 3
4 0 14
4 3 8
4 6 1
4 11 3
4 12 7
4 13 4
4 14 12
5 0 9
5 5 6
5 6 15
5 7 12
5 10 13
5 11 14
5 13 3
5 14 1
6 0 11
6 2 10
6 3 3
6 6 13
6 9 8
6 11 1
6 14 6
7 0 6
7 3 1
7 4 14
7 6 4
7 9 5
7 11 9
7 12 11
7 15 13
8 4 15
8 10 9
8 12 5
8 14 2
8 15 10
9 0 10
9 1 1
9 4 6
9 6 5
9 8 13
9 9 15
9 10 7
9 11 16
10 2 16
10 3 11
10 5 4
10 7 8
10 8 2
10 13 13
10 15 7
11 1 9
11 3 7
11 4 1
11 5 3
11 7 2
11 8 6
11 10 8
11 11 10
11 12 16
11 13 15
11 14 14
11 15 4
12 0 7
12 2 13
12 4 9
12 5 16
12 7 5
12 10 14
12 11 4
12 12 3
12 13 8
12 15 2
13 2 3
13 4 10
13 13 16
13 14 15
14 0 1
14 2 9
14 6 14
14 7 4
14 14 7
15 1 6
15 2 8
15 4 3
15 8 10
15 9 7
