0 2 1
0 3 15
0 4 5
0 5 6
0 7 3
0 11 16
0 13 12
1 2 5
1 4 10
1 6 13
1 12 4
1 13 3
1 14 7
2 0 7
2 4 14
2 5 4
2 7 12
2 8 8
2 15 15
3 0 12
3 2 4
3 3 13
3 4 8
3 6 7
3 7 16
3 10 11
3 13 6
3 14 10
4 0 3
4 1 5
4 3 9
4 4 4
4 8 2
4 11 13
4 13 8
4 15 7
5 0 11
5 2 13
5 7 1
5 9 9
5 15 4
6 0 16
6 2 8
6 4 2
6 8 15
6 9 4
6 11 11
6 13 1
7 2 2
7 3 4
7 6 11
7 9 16
7 10 7
7 11 6
7 12 15
8 3 5
8 4 1
8 5 13
8 6 10
8 9 12
8 12 8
8 13 14
9 2 16
9 4 15
9 6 14
9 7 2
9 11 9
9 13 13
9 15 10
10 0 15
10 6 4
10 8 5
10 13 16
10 15 3
11 0 6
11 2 11
11 4 16
11 7 5
11 11 10
11 12 9
11 14 4
11 15 12
12 1 15
12 2 6
12 5 16
12 8 9
12 9 2
12 11 7
12 12 10
12 13 4
12 15 14
13 0 1
13 7 7
13 8 6
13 10 15
13 11 14
13 15 2
14 1 9
14 2 12
14 3 14
14 9 3
14 11 4
14 13 7
15 2 10
15 4 3
15 8 13
15 10 1
15 11 5
15 12 12
15 13 9
