0 0 7
0 2 14
0 3 10
0 7 12
0 9 13
0 14 6
0 15 1
1 8 16
1 9 4
1 13 7
1 14 3
1 15 12
2 0 16
2 3 8
2 8 3
2 11 7
2 13 4
2 15 14
3 1 4
3 3 9
3 4 8
3 9 6
3 13 5
4 11 16
4 14 13
5 0 9
5 2 12
5 3 4
5 4 2
5 5 11
5 7 16
5 8 7
5 9 5
5 12 8
6 2 3
6 3 6
6 6 13
6 7 8
6 11 12
6 13 11
7 2 8
7 3 11
7 7 7
7 8 1
7 11 3
7 13 12
7 15 2
8 0 15
8 2 11
8 4 16
8 6 7
9 0 1
9 3 7
9 5 5
9 6 2
9 12 3
9 13 9
9 15 4
10 0 14
10 4 15
10 6 12
10 7 11
10 9 10
10 12 7
10 13 6
11 3 16
11 6 3
11 7 9
11 11 6
11 12 5
11 14 14
12 3 5
12 6 1
12 7 14
12 8 15
12 11 11
12 12 4
12 15 3
13 4 13
13 8 6
13 11 1
13 13 2
13 14 7
14 2 15
14 5 2
14 9 3
14 11 9
14 12 1
14 15 10
15 1 8
15 3 2
15 7 3
15 9 16
15 10 14
15 11 10
15 14 9
